101006
102008
102614
102816
103818
104012
105620
105923
107321
108121
108323
108525
108828
112314
112516
112920
113215
113821
114823
115320
117021
117324
117930
118023
118831
120212
120414
122822
124624
124826
126426
127731
127832
128026
129331
130518
130922
131217
131419
132017
132118
133928
134324
135124
136833
137229
137936
138837
139233
139637
139839
140117
140319
140824
141422
143224
143325
144125
144226
144428
144933
146129
146836
147737
148032
148133
148335
148840
149337
149842
150019
150524
150625
150726
151425
152427
152831
153429
153833
153934
154330
155635
156031
158035
158136
159340
159744
160729
160830
161630
162026
162329
162733
164131
165032
167238
168947
169545
169949
171633
172130
172433
172635
172938
173637
173940
175439
175540
177645
177746
178142
178748
180129
180230
183034
183337
185139
186040
188145
188347
190031
191235
191336
191437
191841
192035
192136
192843
193239
194443
194645
194746
194847
195445
195849
196144
196952
197348
197651
198350
198451
198855
199251
199352
199655
200008
201111
201515
201818
202719
203418
203923
204319
204622
205220
206323
207426
208024
208226
208327
208630
209935
210112
210415
211215
211316
211417
211922
212116
212419
213421
214019
214221
214524
217429
221319
223929
224022
237334
238033
239944
248238
249947
250932
256540
257845
280739
280941
281135
285446
286347
289555
293748
298455
303119
304727
305830
307127
309636
310621
311320
314225
318637
321323
325129
336841
341834
346945
348545
350330
351938
352738
360030
365343
368551
368753
376247
379657
380036
381543
382242
391748
393247
394956
395251
395756
401422
433839
436845
445543
448347
453441
453542
454140
459453
462139
467351
468050
473952
475855
485757
486759
495255
497865
499566
500222
510225
510326
517239
518746
520228
529549
529953
531536
540436
541943
545345
547046
549757
550439
557857
558657
558960
559053
559457
562446
566454
567961
568963
569965
571548
576255
578057
579867
580044
581450
586460
588565
592455
599065
599671
601127
604537
614439
615441
616645
622236
623844
626648
627549
627852
628248
644246
645551
660951
667056
672756
677766
677968
679568
679770
680250
683256
687163
694362
704238
707749
724446
727553
728454
729557
731140
748258
749361
751348
757764
761957
763557
771354
773257
774663
788876
792564
793465
803240
804646
810843
816653
818859
825048
825654
826353
833249
835657
837964
841349
843151
844961
849971
856968
857263
861456
871762
871964
872562
872764
873968
877168
877269
901442
905147
907656
910241
923755
926862
937160
947668
951457
955465
958976
959574
966975
973770
978578
983773
989987
992774
995174
996782
